# The Best Parameter Set
# [alpha] [beta] [ks] [kt] [score]
1 1 2 2 0.5
# [label] [PRED] [DV 0] [DV 1]
0 0 4.01549e-05 0
1 0 0.119683 0
1 0 0.119683 0
1 1 0 0.119683
1 1 0 0.119683
1 0 0.0598414 0.0598414
0 0 0.0598414 0.0598414
0 0 0.0598414 0.0598414
0 0 0.0598414 0.0598414
0 1 0 0.119683
1 1 0 0.119683
0 1 0 0.119683
1 0 0.0598414 0.0598414
1 0 0.0598414 0.0598414
1 0 0.0598414 0.0598414
1 0 0.0598414 0.0598414
0 0 0.0598414 0.0598414
1 0 0.0598414 0.0598414
0 0 0.0598414 0.0598414
0 0 0.0598414 0.0598414
