# The Best Parameter Set
# [alpha] [beta] [ks] [kt] [score]
1 1 1 1 0.55
# [label] [PRED] [DV 0] [DV 1]
0 0 0.0299207 0
0 0 0.0299207 0
1 0 0.0299207 0
0 0 0.0299207 0
0 0 0.0299207 0
0 0 0.0299207 0
0 1 0 0.0299207
0 1 0 0.0299207
0 1 0 0.0299207
0 1 0 0.0299207
1 1 0 0.0299207
0 1 0 0.0299207
0 1 0 0.0299207
1 1 0 0.0299207
0 0 0.0299207 0
0 0 0.0299207 0
1 1 0 0.0299207
1 0 0.0299207 0
1 0 0.0299207 0
1 0 0.0299207 0
0 0 0.0299207 0
1 1 0 0.0299207
1 1 0 0.0299207
1 1 0 0.0299207
1 0 0.0299207 0
1 0 0.0299207 0
0 1 0 0.0299207
1 0 0.0299207 0
1 0 0.0299207 0
1 0 0.0299207 0
1 0 0.0299207 0
0 1 0 0.0299207
0 0 0.0299207 0
0 0 0.0299207 0
0 1 0 0.0299207
0 0 0.0299207 0
0 1 0 0.0299207
1 0 0.0299207 0
1 1 0 0.0299207
0 1 0 0.0299207
1 1 0 0.0299207
1 1 0 0.0181478
0 0 0.0299207 0
0 0 0.0299207 0
1 1 0 0.0299207
1 0 0.0299207 0
1 1 0 0.0299207
0 0 0.0299207 0
0 0 0.0299207 0
1 1 0 0.0299207
1 1 0 0.0299207
0 1 0 0.0181478
1 1 0 0.0299207
0 1 0 0.0299207
1 0 0.0299207 0
0 0 0.0299207 0
0 1 0 0.0299207
1 1 0 0.0299207
1 1 0 0.0299207
0 0 0.0299207 0
